==================================================================================
LABELING: MVC>60 THRESHOLD  (project labeling: 90%->Fatigue, 10_ap_fatigue->Normal)
==================================================================================
Samples (channel rows): 4326   Normal=3074  Fatigue=1252
Subjects (with EMG data): [5, 6, 7, 8, 9, 10, 11, 12, 13, 14]
mRMR top-3 (reported; classifiers use all 14): ['MAV', 'Spectral_Max', 'Kurtosis']

POOLED LOSO — positive = Fatigue(1)  [clinically correct — headline]
  Model           Acc   Prec    Rec     F1    AUC
  KNN(1NN)     0.911 0.837 0.858 0.847 0.895
  KNN(5NN)     0.906 0.852 0.819 0.835 0.935
  SVM(linear)  0.897 0.853 0.778 0.814 0.944
  LDA          0.907 0.852 0.821 0.836 0.965

POOLED LOSO — positive = Normal(0)   [paper's MATLAB convention]
  Model           Acc   Prec    Rec     F1    AUC
  KNN(1NN)     0.911 0.942 0.932 0.937 0.895
  KNN(5NN)     0.906 0.927 0.942 0.935 0.935
  SVM(linear)  0.897 0.913 0.945 0.929 0.944
  LDA          0.907 0.928 0.942 0.935 0.965

PER-SUBJECT (per-fold) metrics — positive = Fatigue(1)
  [KNN(1NN)]
     subj     n  nFat    Acc   Prec    Rec     F1    AUC
        5   384   128 0.883 0.749 0.977 0.847 0.906
        6   448   128 0.991 0.992 0.977 0.984 0.987
        7   435   125 0.862 0.715 0.864 0.783 0.863
        8   432   119 0.954 0.872 0.975 0.921 0.960
        9   446   128 0.868 0.973 0.555 0.706 0.774
       10   443   127 0.948 0.900 0.921 0.911 0.940
       11   447   128 0.942 0.831 1.000 0.908 0.959
       12   425   121 0.908 0.966 0.702 0.813 0.846
       13   445   127 0.847 0.798 0.622 0.699 0.780
       14   421   121 0.898 0.741 0.992 0.848 0.926
    folds with F1>=0.95 (Fatigue): [6]

  [KNN(5NN)]
     subj     n  nFat    Acc   Prec    Rec     F1    AUC
        5   384   128 0.870 0.764 0.883 0.819 0.938
        6   448   128 0.987 0.992 0.961 0.976 0.995
        7   435   125 0.874 0.746 0.848 0.794 0.932
        8   432   119 0.958 0.885 0.975 0.928 0.988
        9   446   128 0.854 0.985 0.500 0.663 0.805
       10   443   127 0.926 0.879 0.858 0.869 0.978
       11   447   128 0.989 0.962 1.000 0.981 0.998
       12   425   121 0.896 0.987 0.645 0.780 0.913
       13   445   127 0.822 0.773 0.535 0.633 0.859
       14   421   121 0.881 0.710 0.992 0.828 0.982
    folds with F1>=0.95 (Fatigue): [6, 11]

  [SVM(linear)]
     subj     n  nFat    Acc   Prec    Rec     F1    AUC
        5   384   128 0.904 0.960 0.742 0.837 0.952
        6   448   128 0.926 0.806 0.977 0.883 0.996
        7   435   125 0.901 0.781 0.912 0.841 0.967
        8   432   119 0.880 0.914 0.622 0.740 0.961
        9   446   128 0.814 1.000 0.352 0.520 0.872
       10   443   127 0.921 0.803 0.961 0.875 0.985
       11   447   128 0.996 1.000 0.984 0.992 0.991
       12   425   121 0.828 1.000 0.397 0.568 0.960
       13   445   127 0.928 0.913 0.827 0.868 0.982
       14   421   121 0.867 0.686 0.992 0.811 0.974
    folds with F1>=0.95 (Fatigue): [11]

  [LDA]
     subj     n  nFat    Acc   Prec    Rec     F1    AUC
        5   384   128 0.872 1.000 0.617 0.763 0.944
        6   448   128 0.940 0.839 0.977 0.903 0.997
        7   435   125 0.885 0.727 0.960 0.828 0.981
        8   432   119 0.940 0.904 0.874 0.889 0.982
        9   446   128 0.854 1.000 0.492 0.660 0.974
       10   443   127 0.928 0.799 1.000 0.888 0.975
       11   447   128 1.000 1.000 1.000 1.000 1.000
       12   425   121 0.854 0.984 0.496 0.659 0.973
       13   445   127 0.930 0.944 0.803 0.868 0.991
       14   421   121 0.855 0.667 0.992 0.797 0.976
    folds with F1>=0.95 (Fatigue): [11]

Paper reference (BME 2024, single favorable LOSO fold): KNN F1=0.9541, AUC~0.95

==================================================================================
LABELING: PAPER DESIGN  (BME 2024: 90%->Normal, 70%/fatigue/10_ap_fatigue->Fatigue)
==================================================================================
Samples (channel rows): 4326   Normal=3058  Fatigue=1268
Subjects (with EMG data): [5, 6, 7, 8, 9, 10, 11, 12, 13, 14]
mRMR top-3 (reported; classifiers use all 14): ['Spectral_Entropy', 'Mean', 'Spectral_STD']

POOLED LOSO — positive = Fatigue(1)  [clinically correct — headline]
  Model           Acc   Prec    Rec     F1    AUC
  KNN(1NN)     0.825 0.691 0.726 0.708 0.796
  KNN(5NN)     0.823 0.697 0.704 0.700 0.833
  SVM(linear)  0.896 0.883 0.744 0.808 0.911
  LDA          0.888 0.842 0.761 0.800 0.909

POOLED LOSO — positive = Normal(0)   [paper's MATLAB convention]
  Model           Acc   Prec    Rec     F1    AUC
  KNN(1NN)     0.825 0.884 0.866 0.875 0.796
  KNN(5NN)     0.823 0.877 0.873 0.875 0.833
  SVM(linear)  0.896 0.901 0.959 0.929 0.911
  LDA          0.888 0.905 0.941 0.922 0.909

PER-SUBJECT (per-fold) metrics — positive = Fatigue(1)
  [KNN(1NN)]
     subj     n  nFat    Acc   Prec    Rec     F1    AUC
        5   384   128 0.828 0.837 0.602 0.700 0.771
        6   448   128 0.893 0.741 0.961 0.837 0.913
        7   435   127 0.674 0.461 0.701 0.556 0.682
        8   432   128 0.850 0.839 0.609 0.706 0.780
        9   446   128 0.778 0.607 0.641 0.624 0.737
       10   443   128 0.926 0.880 0.859 0.870 0.906
       11   447   127 0.846 0.671 0.898 0.768 0.861
       12   425   126 0.856 0.718 0.849 0.778 0.854
       13   445   126 0.746 0.741 0.159 0.261 0.568
       14   421   122 0.850 0.663 0.984 0.792 0.890
    folds with F1>=0.95 (Fatigue): none

  [KNN(5NN)]
     subj     n  nFat    Acc   Prec    Rec     F1    AUC
        5   384   128 0.805 0.773 0.586 0.667 0.775
        6   448   128 0.904 0.767 0.953 0.850 0.958
        7   435   127 0.694 0.484 0.732 0.583 0.740
        8   432   128 0.847 0.869 0.570 0.689 0.798
        9   446   128 0.780 0.619 0.609 0.614 0.809
       10   443   128 0.907 0.872 0.797 0.833 0.920
       11   447   127 0.839 0.655 0.913 0.763 0.900
       12   425   126 0.868 0.746 0.841 0.791 0.907
       13   445   126 0.724 0.615 0.063 0.115 0.655
       14   421   122 0.865 0.686 0.984 0.808 0.921
    folds with F1>=0.95 (Fatigue): none

  [SVM(linear)]
     subj     n  nFat    Acc   Prec    Rec     F1    AUC
        5   384   128 0.833 1.000 0.500 0.667 0.926
        6   448   128 0.949 0.852 0.992 0.917 0.988
        7   435   127 0.947 0.882 0.945 0.913 0.970
        8   432   128 0.900 0.957 0.695 0.805 0.964
        9   446   128 0.818 0.790 0.500 0.612 0.863
       10   443   128 0.930 0.990 0.766 0.863 0.943
       11   447   127 0.984 0.984 0.961 0.972 0.999
       12   425   126 0.979 0.976 0.952 0.964 0.992
       13   445   126 0.760 0.952 0.159 0.272 0.972
       14   421   122 0.855 0.670 0.984 0.797 0.987
    folds with F1>=0.95 (Fatigue): [11, 12]

  [LDA]
     subj     n  nFat    Acc   Prec    Rec     F1    AUC
        5   384   128 0.833 1.000 0.500 0.667 0.929
        6   448   128 0.949 0.878 0.953 0.914 0.985
        7   435   127 0.959 0.881 0.992 0.933 0.979
        8   432   128 0.850 0.854 0.594 0.700 0.930
        9   446   128 0.848 0.941 0.500 0.653 0.898
       10   443   128 0.862 0.741 0.805 0.772 0.934
       11   447   127 0.935 0.831 0.969 0.895 0.988
       12   425   126 0.939 0.939 0.849 0.892 0.988
       13   445   126 0.843 0.952 0.468 0.628 0.922
       14   421   122 0.857 0.672 0.992 0.801 0.992
    folds with F1>=0.95 (Fatigue): none

Paper reference (BME 2024, single favorable LOSO fold): KNN F1=0.9541, AUC~0.95
